
0 7 0  0 0 0  0 0 0  
0 4 0  0 0 9  6 1 0  
8 0 0  6 3 4  9 0 0  

0 9 4  0 0 0  0 0 0  
3 5 8  4 6 0  0 2 0  
0 0 0  8 0 0  0 0 0  

0 8 0  0 7 0  0 0 1  
9 0 2  1 0 0  0 0 0  
0 0 7  0 4 0  8 0 2  


6 7 9  5 1 8  2 3 4  
5 4 3  7 2 9  6 1 8  
8 2 1  6 3 4  9 5 7  

2 9 4  3 5 1  7 8 6  
3 5 8  4 6 7  1 2 9  
7 1 6  8 9 2  5 4 3  

4 8 5  2 7 6  3 9 1  
9 6 2  1 8 3  4 7 5  
1 3 7  9 4 5  8 6 2  






6 7 9  5 1 8  2 3 4  
5 4 3  7 2 9  6 1 8  
8 2 1  6 3 4  9 5 7  

2 9 4  3 5 7  1 8 6  
3 5 8  4 6 1  7 2 9  
7 1 6  8 9 2  5 4 3  

4 8 5  2 7 6  3 9 1  
9 6 2  1 8 3  4 7 5  
1 3 7  9 4 5  8 6 2  






6 7 9  5 1 8  2 3 4  
5 4 3  7 2 9  6 1 8  
8 2 1  6 3 4  9 5 7  

7 9 4  2 5 3  1 8 6  
3 5 8  4 6 1  7 2 9  
2 1 6  8 9 7  5 4 3  

4 8 5  9 7 2  3 6 1  
9 3 2  1 8 6  4 7 5  
1 6 7  3 4 5  8 9 2  






6 7 9  5 1 8  2 3 4  
5 4 3  7 2 9  6 1 8  
8 2 1  6 3 4  9 5 7  

7 9 4  3 5 2  1 8 6  
3 5 8  4 6 1  7 2 9  
2 1 6  8 9 7  5 4 3  

4 8 5  2 7 6  3 9 1  
9 6 2  1 8 3  4 7 5  
1 3 7  9 4 5  8 6 2  






6 7 9  5 1 8  2 3 4  
5 4 3  7 2 9  6 1 8  
8 2 1  6 3 4  9 7 5  

2 9 4  3 5 1  7 8 6  
3 5 8  4 6 7  1 2 9  
7 1 6  8 9 2  4 5 3  

4 8 5  2 7 6  3 9 1  
9 6 2  1 8 3  5 4 7  
1 3 7  9 4 5  8 6 2  






6 7 9  5 1 8  2 3 4  
5 4 3  7 2 9  6 1 8  
8 2 1  6 3 4  9 7 5  

2 9 4  3 5 1  7 8 6  
3 5 8  4 6 7  1 2 9  
7 1 6  8 9 2  5 4 3  

4 8 5  2 7 6  3 9 1  
9 3 2  1 8 5  4 6 7  
1 6 7  9 4 3  8 5 2  






6 7 9  5 1 8  2 3 4  
5 4 3  7 2 9  6 1 8  
8 2 1  6 3 4  9 7 5  

2 9 4  3 5 1  7 8 6  
3 5 8  4 6 7  1 2 9  
7 1 6  8 9 2  5 4 3  

4 8 5  2 7 6  3 9 1  
9 6 2  1 8 3  4 5 7  
1 3 7  9 4 5  8 6 2  






6 7 9  5 1 8  2 3 4  
5 4 3  7 2 9  6 1 8  
8 2 1  6 3 4  9 7 5  

2 9 4  3 5 7  1 8 6  
3 5 8  4 6 1  7 2 9  
7 1 6  8 9 2  4 5 3  

4 8 5  2 7 6  3 9 1  
9 6 2  1 8 3  5 4 7  
1 3 7  9 4 5  8 6 2  






6 7 9  5 1 8  2 3 4  
5 4 3  7 2 9  6 1 8  
8 2 1  6 3 4  9 7 5  

2 9 4  3 5 7  1 8 6  
3 5 8  4 6 1  7 2 9  
7 1 6  8 9 2  5 4 3  

4 8 5  2 7 6  3 9 1  
9 3 2  1 8 5  4 6 7  
1 6 7  9 4 3  8 5 2  






6 7 9  5 1 8  2 3 4  
5 4 3  7 2 9  6 1 8  
8 2 1  6 3 4  9 7 5  

2 9 4  3 5 7  1 8 6  
3 5 8  4 6 1  7 2 9  
7 1 6  8 9 2  5 4 3  

4 8 5  2 7 6  3 9 1  
9 6 2  1 8 3  4 5 7  
1 3 7  9 4 5  8 6 2  






6 7 9  5 1 8  2 3 4  
5 4 3  7 2 9  6 1 8  
8 2 1  6 3 4  9 7 5  

7 9 4  2 5 3  1 8 6  
3 5 8  4 6 1  7 2 9  
2 1 6  8 9 7  4 5 3  

4 8 5  9 7 2  3 6 1  
9 3 2  1 8 6  5 4 7  
1 6 7  3 4 5  8 9 2  






6 7 9  5 1 8  2 3 4  
5 4 3  7 2 9  6 1 8  
8 2 1  6 3 4  9 7 5  

7 9 4  2 5 3  1 8 6  
3 5 8  4 6 1  7 2 9  
2 1 6  8 9 7  5 4 3  

4 8 5  9 7 2  3 6 1  
9 3 2  1 8 6  4 5 7  
1 6 7  3 4 5  8 9 2  






6 7 9  5 1 8  2 3 4  
5 4 3  7 2 9  6 1 8  
8 2 1  6 3 4  9 7 5  

7 9 4  3 5 2  1 8 6  
3 5 8  4 6 1  7 2 9  
2 1 6  8 9 7  4 5 3  

4 8 5  2 7 6  3 9 1  
9 6 2  1 8 3  5 4 7  
1 3 7  9 4 5  8 6 2  






6 7 9  5 1 8  2 3 4  
5 4 3  7 2 9  6 1 8  
8 2 1  6 3 4  9 7 5  

7 9 4  3 5 2  1 8 6  
3 5 8  4 6 1  7 2 9  
2 1 6  8 9 7  5 4 3  

4 8 5  2 7 6  3 9 1  
9 3 2  1 8 5  4 6 7  
1 6 7  9 4 3  8 5 2  






6 7 9  5 1 8  2 3 4  
5 4 3  7 2 9  6 1 8  
8 2 1  6 3 4  9 7 5  

7 9 4  3 5 2  1 8 6  
3 5 8  4 6 1  7 2 9  
2 1 6  8 9 7  5 4 3  

4 8 5  2 7 6  3 9 1  
9 6 2  1 8 3  4 5 7  
1 3 7  9 4 5  8 6 2  






6 7 9  5 1 8  2 4 3  
5 4 3  7 2 9  6 1 8  
8 2 1  6 3 4  9 5 7  

2 9 4  3 5 1  7 8 6  
3 5 8  4 6 7  1 2 9  
7 1 6  8 9 2  4 3 5  

4 8 5  2 7 6  3 9 1  
9 6 2  1 8 3  5 7 4  
1 3 7  9 4 5  8 6 2  






6 7 9  5 1 8  2 4 3  
5 4 3  7 2 9  6 1 8  
8 2 1  6 3 4  9 5 7  

2 9 4  3 5 1  7 8 6  
3 5 8  4 6 7  1 2 9  
7 1 6  8 9 2  5 3 4  

4 8 5  2 7 6  3 9 1  
9 6 2  1 8 3  4 7 5  
1 3 7  9 4 5  8 6 2  






6 7 9  5 1 8  2 4 3  
5 4 3  7 2 9  6 1 8  
8 2 1  6 3 4  9 5 7  

2 9 4  3 5 7  1 8 6  
3 5 8  4 6 1  7 2 9  
7 1 6  8 9 2  4 3 5  

4 8 5  2 7 6  3 9 1  
9 6 2  1 8 3  5 7 4  
1 3 7  9 4 5  8 6 2  






6 7 9  5 1 8  2 4 3  
5 4 3  7 2 9  6 1 8  
8 2 1  6 3 4  9 5 7  

2 9 4  3 5 7  1 8 6  
3 5 8  4 6 1  7 2 9  
7 1 6  8 9 2  5 3 4  

4 8 5  2 7 6  3 9 1  
9 6 2  1 8 3  4 7 5  
1 3 7  9 4 5  8 6 2  






6 7 9  5 1 8  2 4 3  
5 4 3  7 2 9  6 1 8  
8 2 1  6 3 4  9 5 7  

7 9 4  2 5 3  1 8 6  
3 5 8  4 6 1  7 2 9  
2 1 6  8 9 7  4 3 5  

4 8 5  9 7 2  3 6 1  
9 3 2  1 8 6  5 7 4  
1 6 7  3 4 5  8 9 2  






6 7 9  5 1 8  2 4 3  
5 4 3  7 2 9  6 1 8  
8 2 1  6 3 4  9 5 7  

7 9 4  2 5 3  1 8 6  
3 5 8  4 6 1  7 2 9  
2 1 6  8 9 7  5 3 4  

4 8 5  9 7 2  3 6 1  
9 3 2  1 8 6  4 7 5  
1 6 7  3 4 5  8 9 2  






6 7 9  5 1 8  2 4 3  
5 4 3  7 2 9  6 1 8  
8 2 1  6 3 4  9 5 7  

7 9 4  3 5 2  1 8 6  
3 5 8  4 6 1  7 2 9  
2 1 6  8 9 7  4 3 5  

4 8 5  2 7 6  3 9 1  
9 6 2  1 8 3  5 7 4  
1 3 7  9 4 5  8 6 2  






6 7 9  5 1 8  2 4 3  
5 4 3  7 2 9  6 1 8  
8 2 1  6 3 4  9 5 7  

7 9 4  3 5 2  1 8 6  
3 5 8  4 6 1  7 2 9  
2 1 6  8 9 7  5 3 4  

4 8 5  2 7 6  3 9 1  
9 6 2  1 8 3  4 7 5  
1 3 7  9 4 5  8 6 2  






6 7 9  5 1 8  2 4 3  
5 4 3  7 2 9  6 1 8  
8 2 1  6 3 4  9 7 5  

2 9 4  3 5 1  7 8 6  
3 5 8  4 6 7  1 2 9  
7 1 6  8 9 2  5 3 4  

4 8 5  2 7 6  3 9 1  
9 3 2  1 8 5  4 6 7  
1 6 7  9 4 3  8 5 2  






6 7 9  5 1 8  2 4 3  
5 4 3  7 2 9  6 1 8  
8 2 1  6 3 4  9 7 5  

2 9 4  3 5 1  7 8 6  
3 5 8  4 6 7  1 2 9  
7 1 6  8 9 2  5 3 4  

4 8 5  2 7 6  3 9 1  
9 6 2  1 8 3  4 5 7  
1 3 7  9 4 5  8 6 2  






6 7 9  5 1 8  2 4 3  
5 4 3  7 2 9  6 1 8  
8 2 1  6 3 4  9 7 5  

2 9 4  3 5 7  1 8 6  
3 5 8  4 6 1  7 2 9  
7 1 6  8 9 2  5 3 4  

4 8 5  2 7 6  3 9 1  
9 3 2  1 8 5  4 6 7  
1 6 7  9 4 3  8 5 2  






6 7 9  5 1 8  2 4 3  
5 4 3  7 2 9  6 1 8  
8 2 1  6 3 4  9 7 5  

2 9 4  3 5 7  1 8 6  
3 5 8  4 6 1  7 2 9  
7 1 6  8 9 2  5 3 4  

4 8 5  2 7 6  3 9 1  
9 6 2  1 8 3  4 5 7  
1 3 7  9 4 5  8 6 2  






6 7 9  5 1 8  2 4 3  
5 4 3  7 2 9  6 1 8  
8 2 1  6 3 4  9 7 5  

7 9 4  2 5 3  1 8 6  
3 5 8  4 6 1  7 2 9  
2 1 6  8 9 7  5 3 4  

4 8 5  9 7 2  3 6 1  
9 3 2  1 8 6  4 5 7  
1 6 7  3 4 5  8 9 2  






6 7 9  5 1 8  2 4 3  
5 4 3  7 2 9  6 1 8  
8 2 1  6 3 4  9 7 5  

7 9 4  3 5 2  1 8 6  
3 5 8  4 6 1  7 2 9  
2 1 6  8 9 7  5 3 4  

4 8 5  2 7 6  3 9 1  
9 3 2  1 8 5  4 6 7  
1 6 7  9 4 3  8 5 2  






6 7 9  5 1 8  2 4 3  
5 4 3  7 2 9  6 1 8  
8 2 1  6 3 4  9 7 5  

7 9 4  3 5 2  1 8 6  
3 5 8  4 6 1  7 2 9  
2 1 6  8 9 7  5 3 4  

4 8 5  2 7 6  3 9 1  
9 6 2  1 8 3  4 5 7  
1 3 7  9 4 5  8 6 2  






6 7 9  5 8 1  2 3 4  
5 4 3  7 2 9  6 1 8  
8 2 1  6 3 4  9 7 5  

2 9 4  3 1 5  7 8 6  
3 5 8  4 6 7  1 2 9  
7 1 6  8 9 2  5 4 3  

4 8 5  2 7 6  3 9 1  
9 3 2  1 5 8  4 6 7  
1 6 7  9 4 3  8 5 2  






6 7 9  5 8 1  2 3 4  
5 4 3  7 2 9  6 1 8  
8 2 1  6 3 4  9 7 5  

7 9 4  3 1 2  5 8 6  
3 5 8  4 6 7  1 2 9  
2 1 6  8 9 5  7 4 3  

4 8 5  2 7 6  3 9 1  
9 3 2  1 5 8  4 6 7  
1 6 7  9 4 3  8 5 2  






6 7 9  5 8 1  2 4 3  
5 4 3  7 2 9  6 1 8  
8 2 1  6 3 4  9 7 5  

2 9 4  3 1 5  7 8 6  
3 5 8  4 6 7  1 2 9  
7 1 6  8 9 2  5 3 4  

4 8 5  2 7 6  3 9 1  
9 3 2  1 5 8  4 6 7  
1 6 7  9 4 3  8 5 2  






6 7 9  5 8 1  2 4 3  
5 4 3  7 2 9  6 1 8  
8 2 1  6 3 4  9 7 5  

7 9 4  3 1 2  5 8 6  
3 5 8  4 6 7  1 2 9  
2 1 6  8 9 5  4 3 7  

4 8 5  2 7 6  3 9 1  
9 3 2  1 5 8  7 6 4  
1 6 7  9 4 3  8 5 2  






6 7 9  5 8 1  2 4 3  
5 4 3  7 2 9  6 1 8  
8 2 1  6 3 4  9 7 5  

7 9 4  3 1 2  5 8 6  
3 5 8  4 6 7  1 2 9  
2 1 6  8 9 5  7 3 4  

4 8 5  2 7 6  3 9 1  
9 3 2  1 5 8  4 6 7  
1 6 7  9 4 3  8 5 2  





